0.000000000000000000e+00,3.765690376569037767e-02,6.694560669456066371e-02,5.997210599721059660e-02,2.789400278940027799e-03,8.368200836820082963e-03,7.670850767085077293e-02,5.997210599721059660e-02,6.136680613668061418e-02,5.299860529986052948e-02,5.857740585774058595e-02,2.092050209205020828e-02,2.510460251046025063e-02,5.578800557880056465e-02,5.997210599721059660e-02,5.578800557880056465e-02,5.857740585774058595e-02,5.299860529986052948e-02,5.299860529986052948e-02,3.765690376569037767e-02,3.068340306834030709e-02,6.415620641562064241e-02
4.804270462633452449e-02,0.000000000000000000e+00,4.982206405693950790e-02,6.049822064056940146e-02,0.000000000000000000e+00,1.423487544483985692e-02,4.982206405693950790e-02,5.871886120996441111e-02,5.693950177935942769e-02,7.295373665480427150e-02,5.693950177935942769e-02,2.135231316725978365e-02,2.313167259786477054e-02,6.405693950177936136e-02,5.871886120996441111e-02,4.448398576512455765e-02,6.049822064056940146e-02,7.295373665480427150e-02,7.295373665480427150e-02,3.202846975088968068e-02,2.669039145907473043e-02,5.516014234875444427e-02
6.138107416879796246e-02,3.580562659846548562e-02,0.000000000000000000e+00,6.138107416879796246e-02,0.000000000000000000e+00,6.393861892583121813e-03,6.521739130434783815e-02,6.138107416879796246e-02,6.265984654731458769e-02,5.242966751918159279e-02,6.010230179028133723e-02,2.301790281329923679e-02,2.685421994884910901e-02,5.754475703324809371e-02,6.138107416879796246e-02,5.882352941176471894e-02,6.010230179028133723e-02,5.498721227621484325e-02,5.498721227621484325e-02,3.836317135549872914e-02,3.196930946291560993e-02,6.521739130434783815e-02
4.106972301814708348e-02,3.247373447946513836e-02,4.584527220630372352e-02,0.000000000000000000e+00,0.000000000000000000e+00,5.730659025787965440e-03,4.966571155682903554e-02,7.736389684813753387e-02,7.640878701050621280e-02,5.253104106972301957e-02,6.876790830945557487e-02,1.528175740210124117e-02,1.814708691499522519e-02,7.354345749761222184e-02,7.163323782234956583e-02,5.157593123209169156e-02,7.449856733524355679e-02,5.635148042024832465e-02,6.208213944603629270e-02,3.151862464183381035e-02,2.196752626552053375e-02,7.354345749761222184e-02
1.000000000000000000e+00,0.000000000000000000e+00,0.000000000000000000e+00,0.000000000000000000e+00,0.000000000000000000e+00,0.000000000000000000e+00,0.000000000000000000e+00,0.000000000000000000e+00,0.000000000000000000e+00,0.000000000000000000e+00,0.000000000000000000e+00,0.000000000000000000e+00,0.000000000000000000e+00,0.000000000000000000e+00,0.000000000000000000e+00,0.000000000000000000e+00,0.000000000000000000e+00,0.000000000000000000e+00,0.000000000000000000e+00,0.000000000000000000e+00,0.000000000000000000e+00,0.000000000000000000e+00
5.217391304347824416e-02,6.956521739130432092e-02,4.347826086956520925e-02,5.217391304347824416e-02,0.000000000000000000e+00,0.000000000000000000e+00,4.347826086956520925e-02,5.217391304347824416e-02,5.217391304347824416e-02,5.217391304347824416e-02,5.217391304347824416e-02,4.347826086956520925e-02,4.347826086956520925e-02,5.217391304347824416e-02,5.217391304347824416e-02,4.347826086956520925e-02,5.217391304347824416e-02,5.217391304347824416e-02,5.217391304347824416e-02,4.347826086956520925e-02,4.347826086956520925e-02,5.217391304347824416e-02
6.658595641646489205e-02,3.389830508474576953e-02,6.174334140435835949e-02,6.295399515738499263e-02,0.000000000000000000e+00,6.053268765133172635e-03,0.000000000000000000e+00,6.295399515738499263e-02,6.416464891041162577e-02,5.084745762711864042e-02,6.174334140435835949e-02,2.179176755447941732e-02,2.542372881355932021e-02,5.932203389830508627e-02,6.295399515738499263e-02,5.811138014527845314e-02,6.174334140435835949e-02,5.084745762711864042e-02,5.084745762711864042e-02,4.116222760290557531e-02,3.026634382566585971e-02,6.658595641646489205e-02
3.937728937728936923e-02,3.021978021978021650e-02,4.395604395604394560e-02,7.417582417582417598e-02,0.000000000000000000e+00,5.494505494505493200e-03,4.761904761904761640e-02,0.000000000000000000e+00,7.875457875457873846e-02,4.853479853479852890e-02,7.051282051282049823e-02,1.648351648351648047e-02,1.923076923076922837e-02,7.692307692307691347e-02,7.509157509157507460e-02,5.128205128205128027e-02,8.058608058608057734e-02,5.219780219780218583e-02,5.769230769230768163e-02,3.205128205128204150e-02,2.289377289377288877e-02,7.692307692307691347e-02
4.074074074074074403e-02,2.962962962962963423e-02,4.537037037037037340e-02,7.407407407407408384e-02,0.000000000000000000e+00,5.555555555555555768e-03,4.907407407407408245e-02,7.962962962962963354e-02,0.000000000000000000e+00,4.722222222222222793e-02,6.851851851851852027e-02,1.666666666666666644e-02,1.944444444444444475e-02,7.407407407407408384e-02,7.500000000000001110e-02,5.277777777777777762e-02,7.962962962962963354e-02,5.092592592592593698e-02,5.740740740740741394e-02,3.333333333333333287e-02,2.314814814814815033e-02,7.777777777777777901e-02
4.556354916067146404e-02,4.916067146282973588e-02,4.916067146282973588e-02,6.594724220623501831e-02,0.000000000000000000e+00,7.194244604316546270e-03,5.035971223021582649e-02,6.354916067146283709e-02,6.115107913669064893e-02,0.000000000000000000e+00,5.755395683453237016e-02,1.678657074340527897e-02,1.798561151079136611e-02,6.474820143884892076e-02,6.115107913669064893e-02,4.556354916067146404e-02,6.235011990407673954e-02,8.513189448441246809e-02,8.513189448441246809e-02,2.877697841726618508e-02,2.278177458033573202e-02,5.995203836930455832e-02
4.125736738703340845e-02,3.143418467583497522e-02,4.616895874263261812e-02,7.072691552062869424e-02,0.000000000000000000e+00,5.893909626719057854e-03,5.009823182711199696e-02,7.563850687622791780e-02,7.269155206286838367e-02,4.715127701375246283e-02,0.000000000000000000e+00,1.866404715127701827e-02,2.161100196463654546e-02,7.465618860510807309e-02,7.563850687622791780e-02,5.599214145383104441e-02,7.465618860510807309e-02,5.108055009823184167e-02,5.206286836935168638e-02,3.536345776031434712e-02,2.554027504911592084e-02,7.367387033398822838e-02
3.875968992248061962e-02,3.100775193798449569e-02,4.651162790697674354e-02,4.134366925064599657e-02,0.000000000000000000e+00,1.291989664082687436e-02,4.651162790697674354e-02,4.651162790697674354e-02,4.651162790697674354e-02,3.617571059431524960e-02,4.909560723514212049e-02,0.000000000000000000e+00,9.819121447028424099e-02,4.134366925064599657e-02,4.651162790697674354e-02,6.459948320413436140e-02,4.651162790697674354e-02,3.617571059431524960e-02,3.617571059431524960e-02,9.302325581395348708e-02,9.819121447028424099e-02,4.392764857881137353e-02
4.157043879907620920e-02,3.002309468822170896e-02,4.849884526558891074e-02,4.387990762124711203e-02,0.000000000000000000e+00,1.154734411085450371e-02,4.849884526558891074e-02,4.849884526558891074e-02,4.849884526558891074e-02,3.464203233256350767e-02,5.080831408775981356e-02,8.775981524249422405e-02,0.000000000000000000e+00,4.387990762124711203e-02,4.849884526558891074e-02,6.466512702078522357e-02,4.849884526558891074e-02,3.464203233256350767e-02,3.464203233256350767e-02,9.006928406466513382e-02,9.468822170900692559e-02,4.618937644341801485e-02
3.745318352059925221e-02,3.370786516853932491e-02,4.213483146067415613e-02,7.209737827715356762e-02,0.000000000000000000e+00,5.617977528089887485e-03,4.588014981273408344e-02,7.865168539325842478e-02,7.490636704119850442e-02,5.056179775280899430e-02,7.116104868913858406e-02,1.498127340823970054e-02,1.779026217228464601e-02,0.000000000000000000e+00,7.677902621722845766e-02,4.962546816479401074e-02,8.426966292134831227e-02,5.430711610486891466e-02,5.805243445692884197e-02,2.996254681647940107e-02,2.153558052434456985e-02,8.052434456928839190e-02
4.041353383458646392e-02,3.101503759398496068e-02,4.511278195488721554e-02,7.048872180451128122e-02,0.000000000000000000e+00,5.639097744360901943e-03,4.887218045112781684e-02,7.706766917293232655e-02,7.612781954887218316e-02,4.793233082706766651e-02,7.236842105263158187e-02,1.691729323308270583e-02,1.973684210526315680e-02,7.706766917293232655e-02,0.000000000000000000e+00,5.263157894736842507e-02,7.894736842105262720e-02,5.169172932330827475e-02,5.451127819548871184e-02,3.289473684210526133e-02,2.349624060150375809e-02,7.706766917293232655e-02
4.629629629629629373e-02,2.893518518518518184e-02,5.324074074074074125e-02,6.250000000000000000e-02,0.000000000000000000e+00,5.787037037037036716e-03,5.555555555555555247e-02,6.481481481481481122e-02,6.597222222222220989e-02,4.398148148148148251e-02,6.597222222222220989e-02,2.893518518518518184e-02,3.240740740740740561e-02,6.134259259259259439e-02,6.481481481481481122e-02,0.000000000000000000e+00,6.365740740740741255e-02,4.861111111111110494e-02,4.861111111111110494e-02,5.555555555555555247e-02,3.703703703703703498e-02,6.597222222222220989e-02
3.835616438356163199e-02,3.105022831050227583e-02,4.292237442922373220e-02,7.123287671232875207e-02,0.000000000000000000e+00,5.479452054794518856e-03,4.657534246575341375e-02,8.036529680365295247e-02,7.853881278538810129e-02,4.748858447488583240e-02,6.940639269406391476e-02,1.643835616438355657e-02,1.917808219178081600e-02,8.219178082191778978e-02,7.671232876712326398e-02,5.022831050228309530e-02,0.000000000000000000e+00,5.114155251141551395e-02,5.753424657534245146e-02,3.105022831050227583e-02,2.283105022831049755e-02,8.127853881278536419e-02
4.328018223234625372e-02,4.669703872437358516e-02,4.897494305239181306e-02,6.719817767653760154e-02,0.000000000000000000e+00,6.833712984054671549e-03,4.783599088838270258e-02,6.492027334851938059e-02,6.264236902050115963e-02,8.086560364464694117e-02,5.922551252847382125e-02,1.594533029612756753e-02,1.708428246013667801e-02,6.605922551252849106e-02,6.264236902050115963e-02,4.783599088838270258e-02,6.378132118451027011e-02,0.000000000000000000e+00,8.769931662870161793e-02,2.733485193621868620e-02,2.164009111617312686e-02,6.150341685649204915e-02
4.139433551198257177e-02,4.466230936819171743e-02,4.684095860566448583e-02,7.080610021786493125e-02,0.000000000000000000e+00,6.535947712418300852e-03,4.575163398692810163e-02,6.862745098039216285e-02,6.753812636165577865e-02,7.734204793028322256e-02,5.773420479302832781e-02,1.525054466230937010e-02,1.633986928104575256e-02,6.753812636165577865e-02,6.318082788671024186e-02,4.575163398692810163e-02,6.862745098039216285e-02,8.387799564270152775e-02,0.000000000000000000e+00,2.614379084967320341e-02,2.069716775599128589e-02,6.535947712418301025e-02
4.299363057324841197e-02,2.866242038216560567e-02,4.777070063694267843e-02,5.254777070063695182e-02,0.000000000000000000e+00,7.961783439490447561e-03,5.414012738853504064e-02,5.573248407643312252e-02,5.732484076433121134e-02,3.821656050955414552e-02,5.732484076433121134e-02,5.732484076433121134e-02,6.210191082802548473e-02,5.095541401273886301e-02,5.573248407643312252e-02,7.643312101910829104e-02,5.414012738853504064e-02,3.821656050955414552e-02,3.821656050955414552e-02,0.000000000000000000e+00,6.847133757961784695e-02,5.573248407643312252e-02
4.408817635270539936e-02,3.006012024048095380e-02,5.010020040080159082e-02,4.609218436873746549e-02,0.000000000000000000e+00,1.002004008016031851e-02,5.010020040080159082e-02,5.010020040080159082e-02,5.010020040080159082e-02,3.807615230460920791e-02,5.210420841683365695e-02,7.615230460921841582e-02,8.216432865731460033e-02,4.609218436873746549e-02,5.010020040080159082e-02,6.412825651302603291e-02,5.010020040080159082e-02,3.807615230460920791e-02,3.807615230460920791e-02,8.617234468937873260e-02,0.000000000000000000e+00,4.809619238476952469e-02
4.247460757156048400e-02,2.862419205909510697e-02,4.709141274238227287e-02,7.109879963065558750e-02,0.000000000000000000e+00,5.540166204986149597e-03,5.078485687903970536e-02,7.756232686980608915e-02,7.756232686980608915e-02,4.616805170821790955e-02,6.925207756232687473e-02,1.569713758079408980e-02,1.846722068328716590e-02,7.940904893813481580e-02,7.571560480147737637e-02,5.263157894736841813e-02,8.217913204062789190e-02,4.986149584487534897e-02,5.540166204986149423e-02,3.231763619575253599e-02,2.216066481994459839e-02,0.000000000000000000e+00
