0.000000000000000000e+00,5.025773195876288152e-02,5.541237113402061598e-02,7.216494845360825472e-02,2.706185567010309032e-02,5.154639175257731860e-03,5.927835051546391509e-02,6.701030927835051332e-02,5.927835051546391509e-02,3.865979381443298418e-02,7.603092783505153995e-02,1.804123711340206368e-02,2.061855670103092744e-02,6.572164948453607103e-02,5.927835051546391509e-02,6.314432989690721421e-02,5.412371134020618063e-02,4.252577319587629023e-02,4.252577319587629023e-02,3.994845360824741953e-02,1.932989690721649209e-02,6.443298969072164262e-02
6.018518518518518184e-02,0.000000000000000000e+00,6.018518518518518184e-02,6.327160493827159449e-02,4.012345679012345456e-02,6.172839506172839164e-03,4.475308641975307700e-02,6.172839506172839164e-02,6.635802469135801407e-02,5.246913580246913289e-02,5.555555555555555247e-02,1.697530864197530770e-02,1.851851851851851749e-02,6.481481481481481122e-02,6.481481481481481122e-02,4.320987654320988108e-02,6.172839506172839164e-02,5.246913580246913289e-02,5.246913580246913289e-02,2.777777777777777624e-02,1.851851851851851749e-02,6.790123456790123080e-02
5.308641975308640848e-02,4.814814814814814131e-02,0.000000000000000000e+00,6.913580246913579586e-02,3.703703703703702804e-02,4.938271604938270637e-03,3.209876543209876087e-02,5.308641975308640848e-02,8.395061728395060430e-02,5.308641975308640848e-02,4.814814814814814131e-02,1.234567901234567833e-02,1.358024691358024512e-02,7.530864197530862114e-02,6.666666666666666574e-02,4.074074074074073709e-02,7.530864197530862114e-02,5.925925925925924764e-02,6.049382716049381270e-02,1.975308641975308255e-02,1.358024691358024512e-02,8.024691358024690913e-02
6.208425720620842220e-02,4.545454545454544193e-02,6.208425720620842220e-02,0.000000000000000000e+00,2.660753880266075039e-02,4.434589800443458109e-03,4.101995565410199163e-02,6.541019955654100992e-02,7.206208425720619926e-02,4.545454545454544193e-02,5.875831485587582753e-02,1.330376940133037519e-02,1.441241685144123950e-02,7.871396895787137471e-02,6.762749445676273508e-02,5.099778270509977562e-02,6.873614190687360459e-02,5.099778270509977562e-02,5.210643015521063126e-02,2.882483370288247901e-02,1.441241685144123950e-02,7.649667405764964956e-02
4.805491990846680328e-02,5.949656750572081265e-02,6.864988558352401460e-02,5.491990846681920474e-02,0.000000000000000000e+00,1.144164759725400243e-02,2.974828375286040633e-02,4.576659038901600973e-02,6.407322654462241363e-02,7.551487414187642300e-02,4.576659038901600973e-02,1.372997711670480118e-02,1.372997711670480118e-02,5.720823798627001217e-02,6.178489702517161314e-02,3.432494279176200730e-02,7.093821510297480815e-02,7.551487414187642300e-02,7.551487414187642300e-02,1.601830663615560341e-02,1.601830663615560341e-02,6.178489702517161314e-02
5.970149253731341782e-02,5.970149253731341782e-02,5.970149253731341782e-02,5.970149253731341782e-02,7.462686567164178442e-02,0.000000000000000000e+00,4.477611940298506510e-02,5.970149253731341782e-02,5.970149253731341782e-02,7.462686567164178442e-02,4.477611940298506510e-02,0.000000000000000000e+00,0.000000000000000000e+00,5.970149253731341782e-02,5.970149253731341782e-02,1.492537313432835445e-02,5.970149253731341782e-02,7.462686567164178442e-02,7.462686567164178442e-02,0.000000000000000000e+00,0.000000000000000000e+00,5.970149253731341782e-02
7.176287051482059531e-02,4.524180967238689011e-02,4.056162246489859735e-02,5.772230889235568929e-02,2.028081123244929868e-02,4.680187207488298827e-03,0.000000000000000000e+00,6.240249609984399592e-02,4.368174726989079715e-02,2.964118564742589806e-02,9.204368174726988705e-02,3.588143525741029766e-02,4.368174726989079715e-02,4.992199687987519674e-02,4.836193447737909684e-02,8.892355694227768725e-02,3.900156006240249745e-02,3.120124804992199796e-02,3.120124804992199796e-02,7.644305772230888807e-02,3.900156006240249745e-02,4.836193447737909684e-02
6.295399515738497875e-02,4.842615012106536720e-02,5.205811138014526662e-02,7.142857142857141073e-02,2.421307506053268360e-02,4.842615012106536894e-03,4.842615012106536720e-02,0.000000000000000000e+00,6.174334140435834561e-02,4.600484261501210093e-02,6.295399515738497875e-02,1.694915254237288130e-02,2.179176755447941385e-02,7.384987893462467701e-02,6.779661016949152519e-02,6.053268765133170554e-02,6.053268765133170554e-02,4.842615012106536720e-02,4.963680387409200034e-02,3.510895883777238879e-02,1.815980629539951097e-02,6.416464891041161189e-02
5.168539325842696347e-02,4.831460674157302820e-02,7.640449438202247257e-02,7.303370786516853730e-02,3.146067415730337269e-02,4.494382022471909641e-03,3.146067415730337269e-02,5.730337078651685095e-02,0.000000000000000000e+00,5.280898876404493958e-02,4.494382022471909988e-02,1.123595505617977497e-02,1.235955056179775281e-02,7.977528089887639395e-02,7.078651685393258508e-02,3.820224719101123628e-02,7.977528089887639395e-02,5.842696629213483400e-02,6.067415730337078622e-02,1.910112359550561814e-02,1.235955056179775281e-02,8.539325842696629532e-02
4.267425320056898730e-02,4.836415362731152218e-02,6.116642958748221698e-02,5.832147937411094607e-02,4.694167852062589019e-02,7.112375533428165128e-03,2.702702702702702506e-02,5.405405405405405012e-02,6.685633001422473798e-02,0.000000000000000000e+00,3.982930298719772333e-02,8.534850640113797113e-03,8.534850640113797113e-03,6.685633001422473798e-02,7.681365576102418269e-02,3.271692745376955647e-02,7.681365576102418269e-02,9.246088193456614146e-02,9.388335704125178038e-02,1.422475106685633026e-02,9.957325746799430832e-03,6.685633001422473798e-02
7.412060301507537863e-02,4.522613065326633319e-02,4.899497487437186327e-02,6.658291457286431847e-02,2.512562814070351883e-02,3.768844221105527477e-03,7.412060301507537863e-02,6.532663316582915103e-02,5.025125628140703765e-02,3.517587939698493121e-02,0.000000000000000000e+00,2.261306532663316660e-02,2.889447236180904544e-02,5.778894472361809087e-02,5.402010050251256079e-02,8.668341708542713631e-02,4.773869346733668195e-02,3.894472361809045435e-02,3.894472361809045435e-02,5.527638190954774211e-02,2.512562814070351883e-02,5.527638190954774211e-02
4.575163398692811551e-02,3.594771241830065772e-02,3.267973856209151207e-02,3.921568627450981032e-02,1.960784313725490516e-02,0.000000000000000000e+00,7.516339869281046804e-02,4.575163398692811551e-02,3.267973856209151207e-02,1.960784313725490516e-02,5.882352941176471200e-02,0.000000000000000000e+00,1.176470588235294240e-01,3.594771241830065772e-02,3.594771241830065772e-02,7.516339869281046804e-02,2.941176470588235600e-02,1.960784313725490516e-02,1.960784313725490516e-02,1.013071895424836749e-01,1.241830065359477292e-01,3.594771241830065772e-02
4.719764011799409964e-02,3.539823008849557473e-02,3.244837758112094350e-02,3.834808259587020596e-02,1.769911504424778736e-02,0.000000000000000000e+00,8.259587020648967437e-02,5.309734513274336209e-02,3.244837758112094350e-02,1.769911504424778736e-02,6.784660766961651823e-02,1.061946902654867242e-01,0.000000000000000000e+00,3.539823008849557473e-02,3.539823008849557473e-02,8.259587020648967437e-02,2.654867256637168105e-02,1.769911504424778736e-02,1.769911504424778736e-02,1.061946902654867242e-01,1.120943952802359866e-01,3.539823008849557473e-02
5.489773950484392456e-02,4.520990312163616909e-02,6.566200215285253328e-02,7.642626480086114893e-02,2.691065662002153219e-02,4.305705059203445047e-03,3.444564047362756037e-02,6.566200215285253328e-02,7.642626480086114893e-02,5.059203444564047691e-02,4.951560818083961674e-02,1.184068891280947410e-02,1.291711517761033427e-02,0.000000000000000000e+00,7.427341227125941470e-02,4.198062432723358856e-02,7.642626480086114893e-02,5.597416576964478474e-02,5.705059203444565186e-02,2.260495156081808454e-02,1.291711517761033427e-02,8.396124865446717711e-02
5.128205128205129415e-02,4.682274247491639146e-02,6.020066889632107870e-02,6.800445930880713585e-02,3.010033444816053935e-02,4.459308807134894879e-03,3.455964325529543163e-02,6.243032329988853352e-02,7.023411371237459067e-02,6.020066889632107870e-02,4.793756967670011887e-02,1.226309921962095983e-02,1.337792642140468377e-02,7.692307692307692735e-02,0.000000000000000000e+00,4.013377926421404784e-02,7.803790412486065475e-02,6.465997770345596751e-02,6.577480490523969492e-02,2.229654403567447526e-02,1.337792642140468377e-02,7.692307692307692735e-02
6.767955801104973135e-02,3.867403314917127605e-02,4.558011049723757757e-02,6.353591160220994905e-02,2.071823204419889763e-02,1.381215469613259828e-03,7.872928176795580824e-02,6.906077348066298749e-02,4.696132596685083371e-02,3.176795580110497452e-02,9.530386740331492357e-02,3.176795580110497452e-02,3.867403314917127605e-02,5.386740331491713524e-02,4.972375690607735294e-02,0.000000000000000000e+00,4.281767955801105141e-02,3.453038674033149374e-02,3.453038674033149374e-02,6.906077348066298749e-02,3.453038674033149374e-02,5.110497237569060908e-02
4.719101123595505903e-02,4.494382022471911375e-02,6.853932584269663286e-02,6.966292134831461591e-02,3.483146067415730796e-02,4.494382022471910508e-03,2.808988764044944436e-02,5.617977528089888872e-02,7.977528089887640783e-02,6.067415730337080010e-02,4.269662921348315460e-02,1.011235955056179886e-02,1.011235955056179886e-02,7.977528089887640783e-02,7.865168539325843866e-02,3.483146067415730796e-02,0.000000000000000000e+00,6.629213483146068064e-02,6.966292134831461591e-02,1.573033707865168981e-02,1.123595505617977844e-02,8.651685393258429224e-02
4.388297872340424927e-02,4.521276595744680438e-02,6.382978723404253429e-02,6.117021276595743795e-02,4.388297872340424927e-02,6.648936170212765145e-03,2.659574468085106058e-02,5.319148936170212116e-02,6.914893617021275474e-02,8.643617021276595036e-02,4.122340425531913904e-02,7.978723404255316787e-03,7.978723404255316787e-03,6.914893617021275474e-02,7.712765957446807152e-02,3.324468085106382226e-02,7.845744680851061970e-02,0.000000000000000000e+00,9.308510638297870510e-02,1.329787234042553029e-02,9.308510638297871898e-03,6.914893617021275474e-02
4.308093994778067898e-02,4.438642297650130519e-02,6.396866840731070536e-02,6.135770234986944599e-02,4.308093994778067898e-02,6.527415143603133678e-03,2.610966057441253471e-02,5.352480417754568870e-02,7.049608355091384337e-02,8.616187989556135796e-02,4.046997389033942655e-02,7.832898172323759026e-03,7.832898172323759026e-03,6.919060052219321022e-02,7.702349869451696751e-02,3.263707571801566232e-02,8.093994778067885310e-02,9.138381201044386282e-02,0.000000000000000000e+00,1.305483028720626736e-02,9.138381201044386976e-03,7.180156657963446265e-02
6.313645621181263046e-02,3.665987780040733807e-02,3.258655804480652118e-02,5.295315682281059866e-02,1.425661914460285562e-02,0.000000000000000000e+00,9.979633401221997546e-02,5.906313645621182051e-02,3.462321792260693309e-02,2.036659877800407747e-02,8.961303462321792979e-02,6.313645621181263046e-02,7.331975560081467613e-02,4.276985743380855992e-02,4.073319755600815495e-02,1.018329938900203874e-01,2.851323828920571124e-02,2.036659877800407747e-02,2.036659877800407747e-02,0.000000000000000000e+00,6.720977596741345428e-02,3.869653767820774304e-02
4.545454545454544887e-02,3.636363636363636187e-02,3.333333333333333287e-02,3.939393939393939087e-02,2.121212121212121340e-02,0.000000000000000000e+00,7.575757575757574580e-02,4.545454545454544887e-02,3.333333333333333287e-02,2.121212121212121340e-02,6.060606060606060774e-02,1.151515151515151436e-01,1.151515151515151436e-01,3.636363636363636187e-02,3.636363636363636187e-02,7.575757575757574580e-02,3.030303030303030387e-02,2.121212121212121340e-02,2.121212121212121340e-02,9.999999999999999167e-02,0.000000000000000000e+00,3.636363636363636187e-02
5.364806866952790548e-02,4.721030042918455960e-02,6.974248927038627366e-02,7.403433476394850887e-02,2.896995708154507035e-02,4.291845493562232612e-03,3.326180257510730209e-02,5.686695278969958189e-02,8.154506437768241356e-02,5.042918454935622907e-02,4.721030042918455960e-02,1.180257510729613990e-02,1.287553648068669697e-02,8.369098712446353117e-02,7.403433476394850887e-02,3.969957081545064798e-02,8.261802575107297930e-02,5.579399141630902309e-02,5.901287553648069950e-02,2.038626609442060339e-02,1.287553648068669697e-02,0.000000000000000000e+00
