0.000000000000000000e+00,5.954966773908690336e-02,6.347265645676945789e-02,5.962638373897901495e-02,5.169168135617474569e-02,6.124416521841178490e-02,6.290323394237409826e-02,5.864414331017880899e-02,7.372704422030178228e-02,7.236611081053745398e-02,7.084276163552680194e-02,4.709456331037899929e-02,4.914516798955319982e-02,5.645881613481095601e-02,6.855084468108045559e-02,5.145652033930665781e-02,4.919482451346313123e-02,4.403141460306567861e-02
5.984740435059693331e-02,0.000000000000000000e+00,7.091026238583293673e-02,6.602710009531337354e-02,6.907020582936840292e-02,6.161990939322066485e-02,5.300051435246154463e-02,4.318390665478036988e-02,5.298157680664247748e-02,5.582699046161791051e-02,5.885462660943192176e-02,5.639622760484469532e-02,4.231961776174730100e-02,5.314840130169089238e-02,6.744034438220807004e-02,6.248675252883834769e-02,6.141717743805059221e-02,6.546898204335359350e-02
6.024090974125554526e-02,6.696501381616666582e-02,0.000000000000000000e+00,7.034725722986917562e-02,6.766362258493922865e-02,6.388824670633365399e-02,5.508381946646714183e-02,4.633649605101243518e-02,5.545450816155528956e-02,6.011494253636906482e-02,6.378764819257086438e-02,5.943658232935779967e-02,3.704157868856475938e-02,5.518482907124204473e-02,6.606654544424693520e-02,5.814193539341105249e-02,5.468074065072305034e-02,5.956532393591526531e-02
5.946884329078375858e-02,6.552503586942938496e-02,7.392534207804611623e-02,0.000000000000000000e+00,6.881056838805102438e-02,6.446644185213804001e-02,5.255467313470719298e-02,3.838959677122709413e-02,5.596610883316434359e-02,6.014115999716049266e-02,6.335248818642671975e-02,6.561249237430573367e-02,2.061038536299153456e-02,5.720732852815306468e-02,6.329781742393035537e-02,6.137017052005340478e-02,6.234466370796291207e-02,6.695688368146901492e-02
5.244147034946521069e-02,6.972346710372724632e-02,7.232769081224069141e-02,6.999359916304839779e-02,0.000000000000000000e+00,7.158534681971034930e-02,5.733061562225259811e-02,4.644163708289212461e-02,5.092108917718650429e-02,5.339401561922541006e-02,6.113107158733067925e-02,6.558296760594120589e-02,3.307340923055869519e-02,5.734029823026226547e-02,6.541058305768503167e-02,6.298637671843607122e-02,5.217417797393391482e-02,5.814218384610361084e-02
5.876701256904600518e-02,5.883340352698133296e-02,6.459293479546050765e-02,6.202282941977655534e-02,6.770781929467038773e-02,0.000000000000000000e+00,6.518219807573916169e-02,5.311666306316379510e-02,6.359242643934935602e-02,6.447472945170154568e-02,6.890347646202595044e-02,5.733099222552473506e-02,3.587046131225825329e-02,5.485407708403778476e-02,6.112080280934477361e-02,6.209224869315834588e-02,4.998710489706335858e-02,5.155081988069819265e-02
6.252266274292246628e-02,5.241777708817389053e-02,5.768776204733913615e-02,5.237509344154216845e-02,5.616902636859830156e-02,6.751878199105233735e-02,0.000000000000000000e+00,7.162186675624238053e-02,7.051559259948952940e-02,6.797028565147117396e-02,6.945229260535913662e-02,5.819169574356358038e-02,4.983231474067825045e-02,7.073177462474510013e-02,6.698839978523243865e-02,4.912499863229543434e-02,3.874611042555303753e-02,3.813356475574170013e-02
6.780043611731516318e-02,4.967796450549584464e-02,5.644509177400585526e-02,4.450106155575533212e-02,5.292503574823469864e-02,6.399849044485204919e-02,8.330843678720294132e-02,0.000000000000000000e+00,7.275237657118975576e-02,6.799489228680750952e-02,6.717500055327627062e-02,5.030030082594205698e-02,6.872512428248782335e-02,7.076811996800524973e-02,7.638180248461531874e-02,5.032524958668021381e-02,2.983626304105931049e-02,2.708435346707464830e-02
7.376264300136374519e-02,5.274345185698073313e-02,5.845769100086351672e-02,5.614146467541188817e-02,5.021727352774554842e-02,6.630498000762619082e-02,7.097907161425884293e-02,6.295771979510006444e-02,0.000000000000000000e+00,7.577797991325507798e-02,7.317296735820548459e-02,4.587290093444217759e-02,4.710381276091919756e-02,5.894931036923545947e-02,6.617707367301156607e-02,5.065719780444857823e-02,4.708304555305988653e-02,4.364141615407184788e-02
7.071090075303927691e-02,5.427869236138881115e-02,6.189117473201265901e-02,5.892124524490799375e-02,5.142680213864507521e-02,6.565559942117771275e-02,6.681988745452135947e-02,5.746714025047101188e-02,7.400899619614356717e-02,0.000000000000000000e+00,7.290705817801590438e-02,5.018964799018797024e-02,4.146907232218573908e-02,6.011311306005551192e-02,6.571772491545492534e-02,5.266901253591570881e-02,4.690285807362445242e-02,4.885107437225224419e-02
6.726940253802547731e-02,5.560792884439254985e-02,6.381956371405449191e-02,6.031630710244880594e-02,5.721763395847691974e-02,6.818586081606961558e-02,6.635049725712587054e-02,5.517240624174094693e-02,6.944853810973500297e-02,7.085010947800633729e-02,0.000000000000000000e+00,5.592671058552738800e-02,3.990343427312261632e-02,5.954134791064119581e-02,6.258991876258442055e-02,5.293370956127766563e-02,4.537030652899598504e-02,4.949632431777469671e-02
5.164354271303047555e-02,6.153600965066969436e-02,6.867429895377182014e-02,7.214076901054493340e-02,7.088953307380795044e-02,6.551878218170155421e-02,6.420099719545130368e-02,4.770984373246095478e-02,5.027959968626590642e-02,5.632591633619379173e-02,6.458660277170152897e-02,0.000000000000000000e+00,2.169025291894714075e-02,7.574149185626749547e-02,6.496300523487501255e-02,5.520823870226745228e-02,5.072906298423596888e-02,5.816205299780721760e-02
7.890832073290442172e-02,6.761105878180435902e-02,6.266522710500298243e-02,3.318005249615552793e-02,5.234397989340615343e-02,6.002194226539255689e-02,8.049864055266248153e-02,9.544422812326359973e-02,7.559418560556735445e-02,6.814204464182158083e-02,6.747302236318142299e-02,3.175859936121723515e-02,0.000000000000000000e+00,6.254039761889351734e-02,7.517770386143851624e-02,4.242004853740818232e-02,2.591951595778992090e-02,2.030103210209028078e-02
5.897499164382903614e-02,5.524084962282066469e-02,6.073666973478373393e-02,5.991516611128588909e-02,5.903939068719312594e-02,5.971399655570661796e-02,7.433377404112863351e-02,6.393901446210027706e-02,6.154676106729379398e-02,6.426199488428351037e-02,6.549870222697939948e-02,7.214807083391126807e-02,4.068691686367796601e-02,0.000000000000000000e+00,6.770728487180123489e-02,4.667436614513739007e-02,4.336458177931228064e-02,4.621746846875498388e-02
6.491337008132344599e-02,6.354408770538842732e-02,6.591710080813434347e-02,6.009786739846912501e-02,6.105414661861712639e-02,6.031724569378106582e-02,6.381994973971112650e-02,6.256096052871970570e-02,6.263531395063580420e-02,6.368728419768909799e-02,6.241710858158854014e-02,5.609733127883989590e-02,4.433721665636147086e-02,6.137911526689363712e-02,0.000000000000000000e+00,5.377351939525852609e-02,4.629120171231507208e-02,4.715718038627347841e-02
5.546630993731158782e-02,6.702098984761677147e-02,6.603489579003760102e-02,6.632773532987228104e-02,6.692390663238816095e-02,6.975211063543837464e-02,5.327542451452205868e-02,4.692096722606715203e-02,5.457834665253995937e-02,5.810224308905626023e-02,6.008957081761742008e-02,5.426846018737099125e-02,2.847856116978865829e-02,4.816495598667468875e-02,6.121191615395241842e-02,0.000000000000000000e+00,7.037023815521985248e-02,7.301336787452572530e-02
5.910759609571046569e-02,7.342564296784055700e-02,6.922347909435218327e-02,7.510557016522829976e-02,6.179101016972149418e-02,6.259115580452012662e-02,4.683683081761826072e-02,3.100705128097265215e-02,5.654299151848122401e-02,5.767293484887651284e-02,5.740814408265235841e-02,5.558216627404950760e-02,1.939584884521601896e-02,4.987959549538044379e-02,5.873554327464050595e-02,7.843755404804064746e-02,0.000000000000000000e+00,8.725688521669869302e-02
5.133520301181334483e-02,7.594903447361626980e-02,7.317139020896329393e-02,7.827027459701919876e-02,6.681743259020322956e-02,6.263532394814627646e-02,4.472965607535897559e-02,2.731261465532131005e-02,5.085595730684336346e-02,5.828752682556937598e-02,6.077199683006574010e-02,6.183681615477341215e-02,1.474106245584783613e-02,5.158491015042716843e-02,5.806028043459619814e-02,7.897073268381203659e-02,8.466978759762308626e-02,0.000000000000000000e+00
