0.000000000000000000e+00,6.028947429416910142e-02,6.648440151671047849e-02,5.853031362882178679e-02,4.524727208541439588e-02,5.561404071816244965e-02,6.309983380633960026e-02,6.257169677760558713e-02,8.866329780772912172e-02,8.680497306762580134e-02,6.893156678400146065e-02,3.716567394699967636e-02,6.359148457437710511e-02,5.519907384526739208e-02,6.596107328957441507e-02,4.653726259728539760e-02,3.803157868202060310e-02,3.727698257789573144e-02
6.418386141343003504e-02,0.000000000000000000e+00,7.106375389852341573e-02,6.289158282993312366e-02,6.900372912666971614e-02,6.529826213745000552e-02,4.521125148332559573e-02,4.530468687673726985e-02,5.409158207921199030e-02,4.979968881298869887e-02,6.236142235438705411e-02,4.519411829753742366e-02,6.965180667708413542e-02,3.835996532846101814e-02,6.661288401314816032e-02,5.458323725373234736e-02,5.867605792049752911e-02,7.771210949688253655e-02
6.398197822419728065e-02,6.423943323219320767e-02,0.000000000000000000e+00,8.920675892555260389e-02,6.434470446651648079e-02,6.448098825447357019e-02,5.079976899890372571e-02,4.759476413982974274e-02,5.438738322841957240e-02,5.520956473569101075e-02,5.974080187498837652e-02,4.375587980481029926e-02,5.313321287727878345e-02,4.407121253697243030e-02,7.552985930043241980e-02,5.807864050192575872e-02,5.337717404389172998e-02,5.806787485392311821e-02
6.205308738436118160e-02,6.263119866352755138e-02,9.827485320054511753e-02,0.000000000000000000e+00,5.660576548689915527e-02,6.275633328919628939e-02,4.523248964543566397e-02,3.706773372657564541e-02,5.607588848903598266e-02,6.583507184917855581e-02,6.669971563106075196e-02,4.975058204059858158e-02,2.744165229830942965e-02,4.312104935298736313e-02,6.246628757652538527e-02,5.491609052807901181e-02,6.389925616469421810e-02,8.517294467299019178e-02
5.175976980374202147e-02,7.414607262702119228e-02,7.648474895522854033e-02,6.107705101808660886e-02,0.000000000000000000e+00,8.529026529467924334e-02,5.275983928958524749e-02,5.564514948931000016e-02,5.166542830121621105e-02,5.326876972475089872e-02,6.214198864622742791e-02,5.772296477792947939e-02,4.237521530241836198e-02,4.728368656481934246e-02,6.853604743243908726e-02,5.964159337895860030e-02,4.569416310666383346e-02,5.450724628692388274e-02
5.327993882533291897e-02,5.876199684504405246e-02,6.419083897486362045e-02,5.670929977721534537e-02,7.142969524878350907e-02,0.000000000000000000e+00,6.536763996164378365e-02,6.055621026889193570e-02,7.401209196245378541e-02,7.003424834368769669e-02,8.021816830413877608e-02,3.869851673827597038e-02,4.578735455218722189e-02,3.477369385728842910e-02,6.060646508719172432e-02,6.328458423810313926e-02,5.129011813877498022e-02,5.099913887612307628e-02
6.692740951376577319e-02,4.504410731628347153e-02,5.598860380600358122e-02,4.525262218124426888e-02,4.891919807573336804e-02,7.237012764365113870e-02,0.000000000000000000e+00,9.544525265428902006e-02,7.959120445863243631e-02,7.234262568936029869e-02,7.162841276314720063e-02,4.721374033666265319e-02,5.804468577462707640e-02,7.100079548439154620e-02,6.328478063849068969e-02,4.375169325772289286e-02,3.507780598533460914e-02,2.811693442065977058e-02
6.774876535037094305e-02,4.607679274481771975e-02,5.354818214395758169e-02,3.785619366062917268e-02,5.266848564329101867e-02,6.843887694408140598e-02,9.743208240139530907e-02,0.000000000000000000e+00,8.627735552494988913e-02,6.529824163200190212e-02,7.357305151283863309e-02,4.540873418535294748e-02,6.431123443693329000e-02,6.983665861138181608e-02,8.140237591960602925e-02,4.327773531102702825e-02,2.593735828667435850e-02,2.090787569069095866e-02
8.063299999404356655e-02,4.620769202408030879e-02,5.139598590759934804e-02,4.810193620425366051e-02,4.107419271901725788e-02,7.025744471267930669e-02,6.824301632733448253e-02,7.246733822022878579e-02,0.000000000000000000e+00,9.250012776285083949e-02,8.229904233241086553e-02,3.438463798195433990e-02,5.313962655603254870e-02,5.091685807185900026e-02,7.191154127238912064e-02,5.134188242991271495e-02,4.210157102089034931e-02,4.302410646246352527e-02
8.226345368175713713e-02,4.433070279383487244e-02,5.436742388971260026e-02,5.884873107818704152e-02,4.413011543760448491e-02,6.927771212503330833e-02,6.463694165496372546e-02,5.715317553143506313e-02,9.639083157891914500e-02,0.000000000000000000e+00,7.877391377107292869e-02,3.574323000517843490e-02,4.927902203534757081e-02,5.302814326629616548e-02,6.005043426912017729e-02,5.350304717172831015e-02,4.694204533596243317e-02,5.128107637384663603e-02
6.593744769069401213e-02,5.603322900988915584e-02,5.938094847132072834e-02,6.018044875533973964e-02,5.196359565685047116e-02,8.009537824004710205e-02,6.459866009244723262e-02,6.499939265822048118e-02,8.656450034304262464e-02,7.951225563784787564e-02,0.000000000000000000e+00,3.894040465228475190e-02,4.557627315469001822e-02,4.013498950667482995e-02,6.573615393652353089e-02,5.460326756978575030e-02,4.044642391428882044e-02,4.529663071005293751e-02
5.241246937298785213e-02,5.986737039359461138e-02,6.411964803491738973e-02,6.617717625771304957e-02,7.116087889960601154e-02,5.696494226125636134e-02,6.277478242290615573e-02,5.914370837215886245e-02,5.331975286625941640e-02,5.318927527805971528e-02,5.740888166288643513e-02,0.000000000000000000e+00,3.134265633781344734e-02,7.379732273791778097e-02,7.844089364515283158e-02,5.271942805797757980e-02,5.183338836228951890e-02,5.532742503650280724e-02
8.665619720665573844e-02,8.915561583335633589e-02,7.523654443985659801e-02,3.527186121897436799e-02,5.047922115022337314e-02,6.512788094686562668e-02,7.457398088140593240e-02,8.094015944316430844e-02,7.962514262668662912e-02,7.085987979593003083e-02,6.492702289366907020e-02,3.028613504046432162e-02,0.000000000000000000e+00,4.733252128740549763e-02,6.310620636889964497e-02,3.770543772259715015e-02,2.929652518174330131e-02,1.941966796210205931e-02
7.063793924984364259e-02,4.611052758804647794e-02,5.860346964082269183e-02,5.204907404512481434e-02,5.289536577509534182e-02,4.644915195016380283e-02,8.566307189978765446e-02,8.254033533080248897e-02,7.164714497849859753e-02,7.160614916932557528e-02,5.369271948798547134e-02,6.696597976868888524e-02,4.444932866362909241e-02,0.000000000000000000e+00,7.446994610934361269e-02,3.940961665704621752e-02,3.410511185013228447e-02,4.870506783566332792e-02
6.357196521174311721e-02,6.030479087946653133e-02,7.564125033633267714e-02,5.678597365692268639e-02,5.774269408710449442e-02,6.097019873304583559e-02,5.750444315000777240e-02,7.245886907274921851e-02,7.620923162416866348e-02,6.107053771419787558e-02,6.623205524494142626e-02,5.360778301226218345e-02,4.463230682434517205e-02,5.608577598999980873e-02,0.000000000000000000e+00,5.220244258382872315e-02,4.370635283480076710e-02,4.127332904408316516e-02
5.411487965158507524e-02,5.961984027244364437e-02,7.017693640971660318e-02,6.023278337158306101e-02,6.062687255070290521e-02,7.681296466960758906e-02,4.796615743517851360e-02,4.647901722987500539e-02,6.564757885495094147e-02,6.564959458074484666e-02,6.637744220018876318e-02,4.347043079772175411e-02,3.217504680304466430e-02,3.581062029605265595e-02,6.298378619628434982e-02,0.000000000000000000e+00,6.958995246332529139e-02,8.226609621699444708e-02
4.913883625805481187e-02,7.121264189928301624e-02,7.166352901544072174e-02,7.787423142208331484e-02,5.161088500637308479e-02,6.917273478859865821e-02,4.273041741270496019e-02,3.095157845925048182e-02,5.981496845755475411e-02,6.400003188218682249e-02,5.463194475668066430e-02,4.748948985992473143e-02,2.777767954206132595e-02,3.443449847270429326e-02,5.859319198923911010e-02,7.732344418391208507e-02,0.000000000000000000e+00,1.115798965939472781e-01
4.448860771945867265e-02,8.711890687512696685e-02,7.201220283307478709e-02,9.587981408373270897e-02,5.686726882745758715e-02,6.353187020629266768e-02,3.163735966058155158e-02,2.304594495279084845e-02,5.646131462936477413e-02,6.458071727722627942e-02,5.651451183477877727e-02,4.682264176376196158e-02,1.700784155126580308e-02,4.542301803171908819e-02,5.110926557913914731e-02,8.443316901695147036e-02,1.030655451572770331e-01,0.000000000000000000e+00
