0.000000000000000000e+00,6.038766599114735872e-02,6.445451216488479185e-02,6.034248106738752948e-02,5.282185859482796397e-02,6.113748992776323055e-02,6.074760757472578293e-02,5.822340777239055909e-02,7.241896585153878574e-02,7.181715785869016710e-02,7.027972390725607810e-02,4.667174893114498652e-02,5.036110690270403922e-02,5.536515582975181510e-02,6.894988127139231593e-02,5.163381121857160694e-02,4.963018698680393692e-02,4.475723814901919062e-02
6.105015267271417939e-02,0.000000000000000000e+00,7.086159433533917307e-02,6.643805727724180765e-02,6.842223291863576418e-02,6.082991751259788499e-02,5.128561042511763091e-02,4.307842026506619043e-02,5.354567058311009847e-02,5.629112537099393437e-02,5.939189117186621097e-02,5.630055281463788863e-02,4.268134868042532115e-02,5.193204012585985602e-02,6.790424119782217938e-02,6.261626711078856211e-02,6.163360097831750012e-02,6.573727655946567938e-02
6.168191312645083385e-02,6.707750787803032355e-02,0.000000000000000000e+00,7.053872402644720263e-02,6.740795210820758887e-02,6.343528509170816287e-02,5.346475582806855392e-02,4.608245040671671983e-02,5.626376526134845013e-02,6.060734664051833920e-02,6.434163476814300231e-02,5.854552493699637788e-02,3.852289044000874879e-02,5.373787826517785471e-02,6.646808139763506207e-02,5.759483115417744076e-02,5.490925736079620145e-02,5.932020130956906778e-02
6.052109248982612960e-02,6.591162376358504493e-02,7.392761338594175391e-02,0.000000000000000000e+00,6.877067613230807008e-02,6.414054881259678709e-02,5.137505272221470215e-02,3.883362561122127160e-02,5.667017610914017872e-02,6.001789568147587739e-02,6.362772585805806513e-02,6.472531718860664862e-02,2.234045367033736171e-02,5.576375834007693544e-02,6.388926871666208984e-02,6.043363260090053174e-02,6.249906783467865795e-02,6.655247108236996001e-02
5.381238956412333352e-02,6.894889845827935348e-02,7.175880914483660777e-02,6.985352026854481367e-02,0.000000000000000000e+00,7.132792735960755137e-02,5.616753289272428951e-02,4.687823798900851713e-02,5.243133742886457727e-02,5.380581471533649185e-02,6.204631437045137615e-02,6.465050327993542012e-02,3.369647510415990643e-02,5.575853488383864659e-02,6.572159510193723020e-02,6.325331582127460828e-02,5.228695805256414891e-02,5.760183556451319714e-02
5.908666683656384200e-02,5.815145755051973064e-02,6.406314770037029038e-02,6.180604626248228234e-02,6.766637207770166695e-02,0.000000000000000000e+00,6.440189158829921767e-02,5.362905810715041383e-02,6.466851766722291062e-02,6.481026809071559203e-02,6.921849392972496962e-02,5.591987901234143910e-02,3.694317313771363492e-02,5.353470045880516504e-02,6.144477142162291239e-02,6.256079266720568355e-02,5.052351810118253100e-02,5.157124539037789834e-02
6.157278930936257999e-02,5.141817620410397277e-02,5.662689221001275530e-02,5.191924084031997871e-02,5.588257353811167810e-02,6.754238398851210301e-02,0.000000000000000000e+00,7.314771674055382811e-02,7.131734434891157104e-02,6.747322001592560847e-02,6.966480886291558094e-02,5.728672687101577649e-02,4.998899520252890472e-02,7.141151056576404421e-02,6.702744251586595370e-02,4.967209887827830211e-02,3.951699795670790549e-02,3.853108195110954703e-02
6.724213404473582123e-02,4.921133266078547147e-02,5.561282055497187432e-02,4.471654188906174637e-02,5.314305876185405897e-02,6.408585008961126261e-02,8.334604429274262982e-02,0.000000000000000000e+00,7.297671878891907882e-02,6.751920616460789504e-02,6.774893717427689366e-02,4.977267543258288157e-02,6.723038098700406806e-02,7.166765756469326010e-02,7.538245077602803712e-02,5.039734403821207603e-02,3.180537738444830925e-02,2.814146939546478821e-02
7.232850764866220750e-02,5.289846103964634255e-02,5.871938096874679269e-02,5.643235205733776461e-02,5.140194141597845268e-02,6.682949887937374156e-02,7.027368042701595541e-02,6.310992308498654391e-02,0.000000000000000000e+00,7.500598873072754358e-02,7.261503297042934402e-02,4.515018463648269587e-02,4.794750645301097680e-02,5.793991956589389369e-02,6.611676072128302994e-02,5.147256565555896612e-02,4.748221438340787665e-02,4.427608136145791407e-02
7.064666512264665410e-02,5.477279117733104691e-02,6.229945010913664344e-02,5.886547053559915144e-02,5.195460702369696787e-02,6.596679470684810309e-02,6.548400589277153516e-02,5.751046935799074972e-02,7.387580161758479369e-02,0.000000000000000000e+00,7.253030430922972893e-02,4.853956414395787372e-02,4.385137269539229193e-02,5.843661494788461586e-02,6.580474650449824603e-02,5.302901926831671275e-02,4.740807909457755986e-02,4.902424349253733937e-02
6.676721453592857070e-02,5.581126367309222069e-02,6.387351157675720537e-02,6.026928185175292607e-02,5.786028936374318365e-02,6.804143587469220489e-02,6.529606536775540981e-02,5.573035773007476573e-02,6.907208484793977976e-02,7.004695476486232086e-02,0.000000000000000000e+00,5.471754691167611540e-02,4.109517332703229581e-02,5.857446310770262482e-02,6.311524104621417386e-02,5.345424106880322657e-02,4.622702661910239874e-02,5.004784833287054951e-02
5.207307299118395238e-02,6.213456769904514287e-02,6.825717764190976367e-02,7.200285600822488308e-02,7.080475799754062938e-02,6.455701896376235538e-02,6.305993109609328573e-02,4.808462690996845312e-02,5.043842038025452001e-02,5.505433897749222039e-02,6.426174868152884079e-02,0.000000000000000000e+00,2.275873945257312139e-02,7.535449093746435234e-02,6.512625245542666419e-02,5.573734341731082648e-02,5.153926640609610837e-02,5.875538998412489777e-02
7.915939797051672888e-02,6.636007063964588504e-02,6.327345821748253663e-02,3.501189420723861689e-02,5.199039167095489966e-02,6.008409493702392135e-02,7.752146540715398881e-02,9.150164897002777131e-02,7.545987061436264243e-02,7.006916734280384251e-02,6.799309658393361266e-02,3.206241916779484225e-02,0.000000000000000000e+00,6.209737671399484515e-02,7.375043656027879813e-02,4.317247345472949999e-02,2.821165668031103829e-02,2.228108086174663757e-02
5.893661877876922583e-02,5.468214772856057337e-02,5.977570342721270219e-02,5.918574657284152857e-02,5.826281236911114852e-02,5.896606946776734859e-02,7.499930872659948955e-02,6.605839728208273698e-02,6.175461126727787436e-02,6.323685880458937425e-02,6.563323261098596983e-02,7.189500168993542828e-02,4.205471830428934160e-02,0.000000000000000000e+00,6.769023460781553592e-02,4.693851353693521272e-02,4.373011859199907314e-02,4.619990623322737383e-02
6.545587032153590834e-02,6.376369408072009304e-02,6.593616933121181078e-02,6.047270564353727368e-02,6.124273471117749196e-02,6.035567687748696897e-02,6.277808716365466946e-02,6.196428810928709952e-02,6.284481633349539575e-02,6.350513561628184922e-02,6.306902435048997169e-02,5.541304752419124596e-02,4.454228156788654636e-02,6.036600126058448701e-02,0.000000000000000000e+00,5.382633861527014868e-02,4.694353460146090395e-02,4.752059389172808013e-02
5.576639751152438068e-02,6.689398537895299701e-02,6.500060626888837234e-02,6.507789717403494878e-02,6.705838733792669759e-02,6.991313277443522711e-02,5.292870516828037525e-02,4.713051548256606132e-02,5.566177329752947101e-02,5.822219186227817894e-02,6.076973799523939512e-02,5.395423521156336027e-02,2.966457448647854753e-02,4.762325215677543772e-02,6.123760084514314611e-02,0.000000000000000000e+00,7.054538653091702027e-02,7.255162051746631702e-02
5.928519075484557643e-02,7.282480701408637624e-02,6.853956921978916761e-02,7.443723862733962748e-02,6.130912064282858370e-02,6.244706149462329881e-02,4.657196961062148172e-02,3.289705310338100763e-02,5.679029034165417739e-02,5.756907045253382982e-02,5.812501239945137843e-02,5.517970963477886182e-02,2.143984714040402667e-02,4.907183239464504854e-02,5.906919028729005344e-02,7.802441478382017570e-02,0.000000000000000000e+00,8.641862209790732163e-02
5.222117734238863190e-02,7.586764038326317128e-02,7.232384153459685272e-02,7.742192558267856073e-02,6.597070165213661519e-02,6.225999929731253213e-02,4.435421877612739233e-02,2.843061683370232476e-02,5.172438916131799624e-02,5.814747067308192324e-02,6.146608876073673261e-02,6.144293609950093882e-02,1.653912077395553251e-02,5.063791128253214424e-02,5.840501770768368600e-02,7.837762315673449387e-02,8.440932098225051305e-02,0.000000000000000000e+00
