0.000000000000000000e+00,6.058078922387350601e-02,6.135137937459114732e-02,5.749470142109384257e-02,5.881028912158493827e-02,6.114946576351763113e-02,6.095269312326557359e-02,5.994682441365480063e-02,6.462850087051433268e-02,6.394263176811729177e-02,6.288095469973403739e-02,4.481977643123977173e-02,5.687996809781623031e-02,5.728090456364390293e-02,6.372834534377770643e-02,5.846968036434389837e-02,5.477848160985637066e-02,5.230461380937503207e-02
6.026673011001944247e-02,0.000000000000000000e+00,6.356315107260752939e-02,6.228992648637492885e-02,6.292276231310005297e-02,6.083887542064422144e-02,5.678291498940157139e-02,5.192290403598143200e-02,5.914819758204552941e-02,5.972709285687669706e-02,6.106941944740840872e-02,5.207666393974792057e-02,4.794020895066233162e-02,5.661423793064999932e-02,6.192974399853350825e-02,6.179066413418438791e-02,6.042721465596520569e-02,6.068929207579679824e-02
6.001760117158292523e-02,6.250532515303573733e-02,0.000000000000000000e+00,6.210651763644377266e-02,6.262546110038375025e-02,6.181836325189411091e-02,5.783258193086520532e-02,5.300753097347481180e-02,5.948944127503426327e-02,6.042135434481906570e-02,6.224279941314579678e-02,5.339428792924084261e-02,4.753914980152375291e-02,5.740419565448844769e-02,6.140995071030123931e-02,6.081120814540928732e-02,5.834915841094674704e-02,5.902507309741028552e-02
5.853274609933092204e-02,6.374500997316821793e-02,6.463294630537551322e-02,0.000000000000000000e+00,6.450229511318482378e-02,6.230092594602511247e-02,5.530300920584123314e-02,4.821825684538713630e-02,5.790260723931169029e-02,5.892404513353455275e-02,6.177680429132881290e-02,5.703758036049995372e-02,4.042538575911079624e-02,5.650274472709417711e-02,6.008768471736506550e-02,6.333147736704466957e-02,6.274574507672031620e-02,6.403073583967697213e-02
5.828337296084388358e-02,6.268396232435693993e-02,6.344362617937308879e-02,6.279071867558778941e-02,0.000000000000000000e+00,6.286235824642351366e-02,5.813696489030963782e-02,5.236760719942029629e-02,5.801790421508297435e-02,5.886080204812528527e-02,6.172577611614361859e-02,5.700482343128721735e-02,4.520072806039681507e-02,5.857130293205234373e-02,6.085002965401302422e-02,6.162242447299610959e-02,5.827785198180958359e-02,5.929974661177796896e-02
6.007658010683059741e-02,6.008291724163542652e-02,6.208343466446310244e-02,6.012235168504906357e-02,6.231776105519504227e-02,0.000000000000000000e+00,6.063627625638887131e-02,5.589337321187803909e-02,6.080070195263580224e-02,6.162827230030375886e-02,6.305808489195323385e-02,5.394421155285724495e-02,4.842505046304467625e-02,5.863087836791333607e-02,6.105702579378674555e-02,6.029625591171770133e-02,5.549896098305730913e-02,5.544786356129017407e-02
6.174020335258976339e-02,5.781627910163234657e-02,5.988160558989489429e-02,5.502408670442591326e-02,5.942047905785950712e-02,6.251657028657071902e-02,0.000000000000000000e+00,6.351489333805354631e-02,6.316798763507544545e-02,6.326922620257083296e-02,6.354918950190796556e-02,5.263098738649451408e-02,5.695518028816639461e-02,6.404477654709538059e-02,6.357634845583638727e-02,5.553085971736778509e-02,4.919725640670101485e-02,4.816407042775747160e-02
6.499822999469927198e-02,5.659155415639300496e-02,5.875145443257561578e-02,5.135417745258187561e-02,5.729367971880362093e-02,6.168550629355525755e-02,6.798854780151634969e-02,0.000000000000000000e+00,6.637008883739051179e-02,6.461544407840499882e-02,6.321063182605453357e-02,4.474890344752005533e-02,6.686198961662567775e-02,6.318914402618855397e-02,6.564709366592993978e-02,5.571243584109952102e-02,4.706059232909455547e-02,4.392052648156662825e-02
6.453545504943604405e-02,5.937082827837841109e-02,6.072393166936500969e-02,5.679385356455396439e-02,5.845813670622022895e-02,6.179742125308165801e-02,6.227248257856690672e-02,6.112394063478229084e-02,0.000000000000000000e+00,6.432605257495349615e-02,6.317515815998059336e-02,4.516476185059621618e-02,5.713967187565022199e-02,5.805456529981901925e-02,6.348439608722386551e-02,5.821380042638732433e-02,5.382655561848876530e-02,5.153898837251602583e-02
6.355597805457748051e-02,5.967529492786923656e-02,6.139062478718039506e-02,5.752907299041342543e-02,5.903379626574554312e-02,6.234955482942416971e-02,6.208451114989700648e-02,5.923343035426947845e-02,6.402926345746573489e-02,0.000000000000000000e+00,6.368076519263272950e-02,4.808865296458713495e-02,5.418852901157301949e-02,5.874766424393770142e-02,6.331243248890282282e-02,5.772609495480832131e-02,5.311075497628866410e-02,5.226357935042708763e-02
6.136014486520483674e-02,5.990296776539916906e-02,6.208719861255040245e-02,5.921361984254099042e-02,6.077744598169077667e-02,6.263188623511702080e-02,6.122123820979323561e-02,5.688817904998605401e-02,6.173611450083143354e-02,6.251865459752581344e-02,0.000000000000000000e+00,5.272337349445738175e-02,5.062937002626956284e-02,5.956983521875169885e-02,6.190808406362514893e-02,5.836212310834325290e-02,5.416350596138922585e-02,5.430625846652401001e-02
5.286364124579318730e-02,6.174301625353553064e-02,6.437657768835398919e-02,6.608112149252752532e-02,6.784340399661954735e-02,6.476191807189074501e-02,6.128493776960128314e-02,4.867819178828426685e-02,5.334734596961594050e-02,5.706424831570513362e-02,6.372697875610078277e-02,0.000000000000000000e+00,3.448159423904594706e-02,6.855361573251467222e-02,5.963070881196361889e-02,5.864895787068079985e-02,5.621698516089283088e-02,6.069675683687408840e-02
6.907300343771639872e-02,5.852025598105948384e-02,5.901278420944995606e-02,4.822054253099050669e-02,5.538639055053329319e-02,5.985584182242562751e-02,6.828213168959569590e-02,7.488467405392970622e-02,6.948842109861319560e-02,6.620494954616890082e-02,6.300634260742815629e-02,3.550168327499730186e-02,0.000000000000000000e+00,6.098444323215155422e-02,6.777288403532114036e-02,5.523537428393441445e-02,4.684503492807334107e-02,4.172524271761144515e-02
5.920720437593185448e-02,5.882306523938769099e-02,6.065324233617870597e-02,5.736713429558910199e-02,6.108832397948162768e-02,6.168485568866419189e-02,6.535416134026680868e-02,6.023817581094671053e-02,6.009339917604080566e-02,6.109271029183064444e-02,6.309919764900982775e-02,6.007692081731023231e-02,5.190805480597673188e-02,0.000000000000000000e+00,6.304933987720533206e-02,5.496995258188113603e-02,5.045145380452360079e-02,5.084280792977500379e-02
6.243935826575161552e-02,6.099333372815814169e-02,6.150497345754595696e-02,5.782826755832154442e-02,6.015825355373995154e-02,6.089041000726234942e-02,6.149590714153818638e-02,5.932065582844449347e-02,6.229002230148933394e-02,6.240923924486319052e-02,6.215926958233693872e-02,4.953456710072227237e-02,5.468053551893860970e-02,5.976427351240740787e-02,0.000000000000000000e+00,5.795066574605023391e-02,5.373036703909189055e-02,5.284990041333791772e-02
5.947980115331044648e-02,6.318572159901868213e-02,6.323654274241127804e-02,6.328303955126263203e-02,6.325373965514369257e-02,6.243334426461179948e-02,5.576966413876551648e-02,5.227037152315595209e-02,5.930488203288020177e-02,5.908062328964047705e-02,6.084187943934686593e-02,5.058382888766992797e-02,4.627080904190981891e-02,5.410027379305398093e-02,6.016881100640131264e-02,0.000000000000000000e+00,6.356846147990236062e-02,6.316820640151511734e-02
5.935375715386620454e-02,6.581548711653326111e-02,6.462767319199190508e-02,6.678077108674847218e-02,6.371627804804422257e-02,6.120833176749363586e-02,5.262643523072745022e-02,4.702840680856456429e-02,5.840641109422885918e-02,5.789683207104518586e-02,6.014198308220347622e-02,5.164382354768527056e-02,4.179773962522551067e-02,5.288679184883828682e-02,5.941994485430567713e-02,6.770817962669317680e-02,0.000000000000000000e+00,6.894115384580483397e-02
5.713899232547901136e-02,6.664413679082108188e-02,6.591356615601863533e-02,6.870842497917030445e-02,6.536632247975175669e-02,6.165451125343088257e-02,5.194462360028834214e-02,4.425117086627723684e-02,5.638377800605959972e-02,5.744150732335581017e-02,6.079602852733934082e-02,5.621738957550168753e-02,3.753552137288296980e-02,5.373502030199902441e-02,5.892654283971951457e-02,6.783476654684980622e-02,6.950769705505495388e-02,0.000000000000000000e+00
